
sp = 81.2;

spErr = (sp-28.14)/28.14

czS = 12.6
czSErr = (czS-46.73)/46.73


czX = -90
czXErr = (czX+46.73)/46.73

